# /home/abortolo/CODICE/Test/MosP/output/MosDirectVS02_191719CaratteristicaVI
# 1 Gate	# 2 I electrons	# 3 I holes	# 4 I tot	# 5 Source	# 6 I electrons	# 7 I holes	# 8 I tot	# 9 Bulk	# 10 I electrons	# 11 I holes	# 12 I tot	# 13 Drain	# 14 I electrons	# 15 I holes	# 16 I tot	
-0.0666667	0	0	0	0.2	1.16494e-18	3.44809e-06	3.44809e-06	0	-1.51097e-18	-2.38416e-17	-2.53525e-17	0	-2.25199e-26	-3.44809e-06	-3.44809e-06	
-0.133333	0	0	0	0.2	1.16261e-18	3.66688e-06	3.66688e-06	0	-1.52034e-18	-2.36979e-17	-2.52183e-17	0	-2.23463e-26	-3.66688e-06	-3.66688e-06	
-0.2	0	0	0	0.2	1.16023e-18	3.88922e-06	3.88922e-06	0	-1.5177e-18	-2.35535e-17	-2.50712e-17	0	-2.21656e-26	-3.88922e-06	-3.88922e-06	
-0.266667	0	0	0	0.2	1.15783e-18	4.11425e-06	4.11425e-06	0	-1.46723e-18	-2.3409e-17	-2.48762e-17	0	-2.19837e-26	-4.11425e-06	-4.11425e-06	
-0.333333	0	0	0	0.2	1.15542e-18	4.34137e-06	4.34137e-06	0	-1.50153e-18	-2.32645e-17	-2.4766e-17	0	-2.18054e-26	-4.34137e-06	-4.34137e-06	
-0.4	0	0	0	0.2	1.15301e-18	4.56914e-06	4.56914e-06	0	-1.53271e-18	-2.31211e-17	-2.46538e-17	0	-2.16322e-26	-4.56914e-06	-4.56914e-06	
-0.466667	0	0	0	0.2	1.15059e-18	4.79709e-06	4.79709e-06	0	-1.49773e-18	-2.2979e-17	-2.44768e-17	0	-2.14667e-26	-4.79709e-06	-4.79709e-06	
-0.533333	0	0	0	0.2	1.14818e-18	5.02524e-06	5.02524e-06	0	-1.52215e-18	-2.28382e-17	-2.43603e-17	0	-2.13113e-26	-5.02524e-06	-5.02524e-06	
-0.6	0	0	0	0.2	1.14579e-18	5.2518e-06	5.2518e-06	0	-1.50241e-18	-2.26997e-17	-2.42021e-17	0	-2.11637e-26	-5.2518e-06	-5.2518e-06	
-0.666667	0	0	0	0.2	1.14342e-18	5.47679e-06	5.47679e-06	0	-1.49752e-18	-2.25635e-17	-2.4061e-17	0	-2.10252e-26	-5.47679e-06	-5.47679e-06	
-0.733333	0	0	0	0.2	1.14107e-18	5.70053e-06	5.70053e-06	0	-1.51046e-18	-2.24292e-17	-2.39397e-17	0	-2.08968e-26	-5.70053e-06	-5.70053e-06	
-0.8	0	0	0	0.2	1.13875e-18	5.92219e-06	5.92219e-06	0	-1.50883e-18	-2.22974e-17	-2.38062e-17	0	-2.07769e-26	-5.92219e-06	-5.92219e-06	
-0.866667	0	0	0	0.2	1.13646e-18	6.14105e-06	6.14105e-06	0	-1.45257e-18	-2.21684e-17	-2.3621e-17	0	-2.0664e-26	-6.14105e-06	-6.14105e-06	
-0.933333	0	0	0	0.2	1.1342e-18	6.35736e-06	6.35736e-06	0	-1.47083e-18	-2.2042e-17	-2.35129e-17	0	-2.05586e-26	-6.35736e-06	-6.35736e-06	
-1	0	0	0	0.2	1.13198e-18	6.57053e-06	6.57053e-06	0	-1.46e-18	-2.19185e-17	-2.33785e-17	0	-2.04592e-26	-6.57053e-06	-6.57053e-06	
-1.06667	0	0	0	0.2	1.12977e-18	6.78225e-06	6.78225e-06	0	-1.43129e-18	-2.17969e-17	-2.32282e-17	0	-2.03682e-26	-6.78225e-06	-6.78225e-06	
-1.13333	0	0	0	0.2	1.12763e-18	6.98898e-06	6.98898e-06	0	-1.52451e-18	-2.1679e-17	-2.32035e-17	0	-2.02792e-26	-6.98898e-06	-6.98898e-06	
-1.2	0	0	0	0.2	1.91986e-16	1.85371e+13	1.85371e+13	0	-5.58614e-05	-6.29661e+10	-6.29661e+10	0	-4.29277e-21	-3.78282e+12	-3.78282e+12	
-1.26667	0	0	0	0.2	4.1292e-17	2.22647e+19	2.22647e+19	0	-0.00115968	-3.1288e+17	-3.1288e+17	0	-5.20858e-20	8.1674e+16	8.1674e+16	
-1.33333	0	0	0	0.2	9.35412e-19	5.52684e+21	5.52684e+21	0	-0.00191344	1.0811e+21	1.0811e+21	0	-9.49079e-20	-7.92107e+19	-7.92107e+19	
-1.4	0	0	0	0.2	1.87036e-19	-6.83768e+25	-6.83768e+25	0	-0.00198415	-1.02869e+23	-1.02869e+23	0	-8.62116e-20	-2.89878e+23	-2.89878e+23	
-1.46667	0	0	0	0.2	-2.28163e-20	4.29789e+28	4.29789e+28	0	-0.00210541	-9.1258e+26	-9.1258e+26	0	-9.71601e-20	-1.77634e+25	-1.77634e+25	
-1.53333	0	0	0	0.2	-1.03701e-19	-5.44407e+25	-5.44407e+25	0	-0.00260394	3.20509e+23	3.20509e+23	0	-1.07951e-19	-4.35727e+25	-4.35727e+25	
-1.6	0	0	0	0.2	-1.04109e-19	-2.73779e+30	-2.73779e+30	0	-0.0025033	-7.74384e+27	-7.74384e+27	0	-1.09181e-19	-4.0014e+28	-4.0014e+28	
-1.66667	0	0	0	0.2	-1.06072e-19	-1.2013e+31	-1.2013e+31	0	-0.00284253	-2.14447e+27	-2.14447e+27	0	-1.18008e-19	4.58081e+29	4.58081e+29	
-1.73333	0	0	0	0.2	-1.15036e-19	-2.63681e+33	-2.63681e+33	0	-0.00290958	-1.33883e+31	-1.33883e+31	0	-1.1562e-19	5.39045e+33	5.39045e+33	
-1.8	0	0	0	0.2	-1.22779e-19	8.37811e+39	8.37811e+39	0	-0.00329652	-4.46599e+38	-4.46599e+38	0	-1.23277e-19	-3.2194e+38	-3.2194e+38	
-1.86667	0	0	0	0.2	-1.22942e-19	2.12376e+39	2.12376e+39	0	-0.00358396	-8.53056e+38	-8.53056e+38	0	-1.23279e-19	1.25071e+40	1.25071e+40	
-1.93333	0	0	0	0.2	-1.22942e-19	3.70988e+42	3.70988e+42	0	-0.00392972	1.46829e+43	1.46829e+43	0	-1.23279e-19	3.58067e+41	3.58067e+41	
-2	0	0	0	0.2	-1.22942e-19	-3.43099e+43	-3.43099e+43	0	-0.00404658	1.78094e+44	1.78094e+44	0	-1.23279e-19	-1.13678e+43	-1.13678e+43	
-2.06667	0	0	0	0.2	-1.22942e-19	-1.9114e+46	-1.9114e+46	0	-0.00419829	7.51228e+45	7.51228e+45	0	-1.23279e-19	3.3298e+45	3.3298e+45	
