# /home/abortolo/CODICE/Test/MosP/output/MosDirectVS001_181718CANALICaratteristicaVI
# 1 Gate	# 2 I electrons	# 3 I holes	# 4 I tot	# 5 Source	# 6 I electrons	# 7 I holes	# 8 I tot	# 9 Bulk	# 10 I electrons	# 11 I holes	# 12 I tot	# 13 Drain	# 14 I electrons	# 15 I holes	# 16 I tot	
0.9	0	0	0	0.01	7.23723e-22	7.48038e-12	7.48038e-12	0	3.52003e-21	-5.59319e-21	-2.07317e-21	0	-5.83786e-30	-7.48038e-12	-7.48038e-12	
0.8	0	0	0	0.01	7.29563e-22	1.27924e-11	1.27924e-11	0	-8.91738e-21	-5.59848e-21	-1.45159e-20	0	-6.05018e-30	-1.27924e-11	-1.27924e-11	
0.7	0	0	0	0.01	7.29404e-22	2.20778e-11	2.20778e-11	0	2.34668e-20	-5.60351e-21	1.78633e-20	0	-7.01394e-30	-2.20778e-11	-2.20778e-11	
0.6	0	0	0	0.01	7.29165e-22	3.84585e-11	3.84585e-11	0	-2.1433e-20	-5.60832e-21	-2.70413e-20	0	-8.87966e-30	-3.84585e-11	-3.84585e-11	
0.5	0	0	0	0.01	7.28873e-22	6.76077e-11	6.76077e-11	0	-2.1433e-20	-5.6129e-21	-2.70459e-20	0	-1.16726e-29	-6.76077e-11	-6.76077e-11	
0.4	0	0	0	0.01	7.28769e-22	1.19884e-10	1.19884e-10	0	-2.89423e-21	-5.61721e-21	-8.51145e-21	0	-1.53816e-29	-1.19884e-10	-1.19884e-10	
0.3	0	0	0	0.01	7.28584e-22	2.14228e-10	2.14228e-10	0	-2.19023e-20	-5.62125e-21	-2.75236e-20	0	-1.98875e-29	-2.14228e-10	-2.14228e-10	
0.2	0	0	0	0.01	7.28398e-22	3.85157e-10	3.85157e-10	0	7.04011e-22	-5.62498e-21	-4.92097e-21	0	-2.49267e-29	-3.85157e-10	-3.85157e-10	
0.1	0	0	0	0.01	7.28215e-22	6.9494e-10	6.9494e-10	0	4.69337e-21	-5.62834e-21	-9.34977e-22	0	-3.0059e-29	-6.9494e-10	-6.9494e-10	
1.38778e-16	0	0	0	0.01	7.28033e-22	1.25365e-09	1.25365e-09	0	-1.2985e-20	-5.63127e-21	-1.86162e-20	0	-3.47161e-29	-1.25365e-09	-1.25365e-09	
-0.1	0	0	0	0.01	7.27872e-22	2.2491e-09	2.2491e-09	0	-3.04286e-20	-5.63363e-21	-3.60622e-20	0	-3.83228e-29	-2.2491e-09	-2.2491e-09	
-0.2	0	0	0	0.01	7.27558e-22	3.98406e-09	3.98406e-09	0	-2.48357e-20	-5.63522e-21	-3.04709e-20	0	-4.04418e-29	-3.98406e-09	-3.98406e-09	
-0.3	0	0	0	0.01	7.27371e-22	6.9049e-09	6.9049e-09	0	-5.51469e-21	-5.63579e-21	-1.11505e-20	0	-4.09418e-29	-6.9049e-09	-6.9049e-09	
-0.4	0	0	0	0.01	7.27151e-22	1.15849e-08	1.15849e-08	0	-1.48622e-21	-5.63501e-21	-7.12123e-21	0	-3.9981e-29	-1.15849e-08	-1.15849e-08	
-0.5	0	0	0	0.01	7.26895e-22	1.86137e-08	1.86137e-08	0	2.77691e-21	-5.63258e-21	-2.85567e-21	0	-3.79629e-29	-1.86137e-08	-1.86137e-08	
-0.6	0	0	0	0.01	7.26597e-22	2.83877e-08	2.83877e-08	0	-3.10935e-20	-5.62835e-21	-3.67218e-20	0	-3.53732e-29	-2.83877e-08	-2.83877e-08	
-0.7	0	0	0	0.01	7.26257e-22	4.09038e-08	4.09038e-08	0	-3.36357e-21	-5.62243e-21	-8.98599e-21	0	-3.26353e-29	-4.09038e-08	-4.09038e-08	
-0.8	0	0	0	0.01	7.25881e-22	5.57179e-08	5.57179e-08	0	1.87343e-20	-5.61518e-21	1.31192e-20	0	-3.00328e-29	-5.57179e-08	-5.57179e-08	
-0.9	0	0	0	0.01	7.25438e-22	7.21115e-08	7.21115e-08	0	-1.09903e-20	-5.60711e-21	-1.65974e-20	0	-2.77046e-29	-7.21115e-08	-7.21115e-08	
-1	0	0	0	0.01	7.25027e-22	8.93329e-08	8.93329e-08	0	-2.21761e-20	-5.59867e-21	-2.77748e-20	0	-2.56951e-29	-8.93329e-08	-8.93329e-08	
-1.1	0	0	0	0.01	7.24609e-22	1.06766e-07	1.06766e-07	0	1.16943e-20	-5.59022e-21	6.10407e-21	0	-2.39863e-29	-1.06766e-07	-1.06766e-07	
-1.2	0	0	0	0.01	7.24156e-22	1.23984e-07	1.23984e-07	0	-7.66581e-21	-5.58199e-21	-1.32478e-20	0	-2.25387e-29	-1.23984e-07	-1.23984e-07	
-1.3	0	0	0	0.01	7.23718e-22	1.40727e-07	1.40727e-07	0	-6.45336e-21	-5.57412e-21	-1.20275e-20	0	-2.1311e-29	-1.40727e-07	-1.40727e-07	
-1.4	0	0	0	0.01	7.23473e-22	1.56859e-07	1.56859e-07	0	-2.45228e-20	-5.56664e-21	-3.00894e-20	0	-2.02708e-29	-1.56859e-07	-1.56859e-07	
-1.5	0	0	0	0.01	7.23071e-22	1.72321e-07	1.72321e-07	0	2.26846e-21	-5.55958e-21	-3.29112e-21	0	-1.93726e-29	-1.72321e-07	-1.72321e-07	
-1.6	0	0	0	0.01	7.22719e-22	1.87104e-07	1.87104e-07	0	2.89425e-21	-5.55294e-21	-2.65869e-21	0	-1.85964e-29	-1.87104e-07	-1.87104e-07	
-1.7	0	0	0	0.01	7.2238e-22	2.01224e-07	2.01224e-07	0	2.3858e-21	-5.54668e-21	-3.16088e-21	0	-1.79195e-29	-2.01224e-07	-2.01224e-07	
-1.8	0	0	0	0.01	7.22054e-22	2.14715e-07	2.14715e-07	0	-1.12249e-20	-5.54078e-21	-1.67657e-20	0	-1.73248e-29	-2.14715e-07	-2.14715e-07	
-1.9	0	0	0	0.01	7.2161e-22	2.27611e-07	2.27611e-07	0	1.39628e-20	-5.53521e-21	8.42754e-21	0	-1.67946e-29	-2.27611e-07	-2.27611e-07	
-2	0	0	0	0.01	7.21312e-22	2.39953e-07	2.39953e-07	0	2.90988e-20	-5.52995e-21	2.35689e-20	0	-1.63259e-29	-2.39953e-07	-2.39953e-07	
